Accuracy: 0.9620034542314335
Precision: 0.9389671361502347
Recall: 0.9569377990430622
F1 Score: 0.9478672985781991
